#index0
#Druck	Channel	count	Energie	Effektive Strecke	Zählrate
0	1470	68552	4	0.00	571.27
100	1355	68560	3.68707	0.29	571.33
200	1364	68018	3.71156	0.57	566.82
300	1227	67923	3.33878	0.86	566.03
400	1223	67088	3.32789	1.15	559.07
450	1120	65628	3.04762	1.29	546.90
500	1023	65997	2.78367	1.43	549.98
550	996	64970	2.71020	1.57	541.42
600	1023	64257	2.78367	1.72	535.48
650	824	64252	2.24218	1.86	535.43
700	756	57766	2.05714	2.00	481.38
750	684	48051	1.86122	2.15	400.43
800	600	30901	1.63265	2.29	257.51
850	582	9003	1.58367	2.43	75.03
900	584	1210	1.58912	2.58	10.08
950	608	125	1.65442	2.72	1.04
1000	841	3	2.28844	2.86	0.03


#index1 #regression1
1.86	535.43
2.00	481.38
2.15	400.43
2.29	257.51
2.43	75.03
2.58	10.08
#2.72	1.04


#index2
Druck	Channel	count	Energie	Effektive Strecke	Zählrate
0	1318	59249	4000	0.00	493.74
100	1336	58709	4054.63	0.31	489.24
200	1295	58689	3930.20	0.61	489.08
300	1163	57756	3529.59	0.92	481.30
400	1023	57005	3104.70	1.22	475.04
450	1023	56446	3104.70	1.38	470.38
500	1023	55894	3104.70	1.53	465.78
550	896	54468	2719.27	1.68	453.90
600	828	52393	2512.90	1.84	436.61
650	802	47745	2433.99	1.99	397.88
700	660	37753	2003.03	2.14	314.61
750	583	18326	1769.35	2.30	152.72
800	583	4704	1769.35	2.45	39.20
850	621	152	1884.67	2.60	1.27
#900	692	4	2100.15	2.75	0.03



#index3 #regression2
1.99	397.88
2.14	314.61
2.30	152.72
2.45	39.20



#index4
6.00	439.6
20.00	452.8
50.67	466
18.67	479.2
4.67	492.4



#index5 regression3
0	1470	68552	4.000	0.00	571.27
100	1355	68560	3.68707	0.29	571.33
200	1364	68018	3.71156	0.57	566.82
300	1227	67923	3.338.78	0.86	566.03
400	1223	67088	3.32789	1.15	559.07
450	1120	65628	3.04762	1.29	546.90
500	1023	65997	2.78367	1.43	549.98
550	996	64970	2.71020	1.57	541.42
600	1023	64257	2.78367	1.72	535.48
650	824	64252	2.24218	1.86	535.43
700	756	57766	2.05714	2.00	481.38
750	684	48051	1.86122	2.15	400.43
800	600	30901	1.63265	2.29	257.51
850	582	9003	1.58367	2.43	75.03
900	584	1210	1.58912	2.58	10.08


#index6 nicht verwendet
950	608	125	1.65442	2.72	1.04
1000	841	3	2.28844	2.86	0.03


#index7 poisson
1	0.15
2	0.22
3	0.22
4	0.17
5	0.10


#index8 vgl gauß
6.00	1
20.00	2
50.67	3
18.67	4
4.67	5
