#0
#10
20	2.6
30	2.56
40	2.54
50	2.52
60	2.48
70	2.47
80	2.45
90	2.44
100	2.43
110	2.41
120	2.40
130	2.38
140	2.37
150	2.35
160	2.34
170	2.33
180	2.32
190	2.31
200	2.3
210	2.28
220	2.28
230	2.28
240	2.27
250	2.26
260	2.25
270	2.23
280	2.23
290	2.22
300	2.2
310	2.2


0.11	2.01	0.36	1.97		-0.23	1.67	0.02	1.63		82	0.34
0.09	1.79	0.3	1.76		-0.02	1.68	0.19	1.65		77	0.11
#0.78	1.6	0.25	1.55		0.36	1.18	-0.17	1.13		72	0.42
0.04	1.4	0.2	1.37		-0.07	1.29	0.09	1.26		67	0.11
0.031	1.21	0.17	1.19		-0.089	1.09	0.05	1.07		62	0.12
0.017	1.02	0.138	0.99		-0.093	0.91	0.028	0.88		57	0.11
0.013	0.84	0.11	0.83		-0.097	0.73	0	0.72		52	0.11
#0.035	0.698	0.1	0.676		0.005	0.668	0.07	0.646		47	0.03


schw. 		a               = 0.00430708       +/- 3.153e-05    (0.7321%)
weiß 		a               = 0.00423514       +/- 2.826e-05    (0.6672%)
schillernd 	a               = 0.000381319      +/- 3.475e-05    (9.113%)
matt		a               = 0.000858863      +/- 5.381e-05    (6.265%)


#schwarz	mV		
10.001	2.55		mV
		12.5	2.17
15	2.06		
		17.5	1.78
20	1.61		
		22.5	1.38
25	1.24		
		27.5	1.06
30	0.95		
		32.5	0.76
35	0.73		
		37.5	0.58
40	0.58		
		42.5	0.46
45	0.46		
		47.5	0.36
50	0.37		
		52.5	0.29
55	0.3		
		57.5	0.25


#10	2.55		mV
12.5	2.17
15	2.06		
		17.5	1.78
20	1.61		
		22.5	1.38
25	1.24		
		27.5	1.06
30	0.95		
		32.5	0.76
35	0.73		
		37.5	0.58
40	0.58		
		42.5	0.46
45	0.46		
		47.5	0.36
50	0.37		
		52.5	0.29
55	0.3		
		57.5	0.25


