#Monozelle
#V      mA
0.085	83
0.19	81 
0.122	77
0.29	71
0.352	68
0.41	65
0.46	62
0.525	58
0.56	56
0.6	54
0.64	52
0.67	50
0.7	49
0.74	46
0.75	44
0.75	44
0.77	42
0.78	41
0.89	38
0.92	35
0.96	33


#Rechteck
0.031	27.2
0.037	23.4
0.043	18.7
0.048	15.6
0.051	13.5
0.053	11.9
0.055	10.5
0.057	9.3
0.058	8.3
0.059	7.5
0.06	7


#Sinus
0.064	1.29
0.078	1.14
0.121	0.74
0.144	0.58
0.155	0.46
0.163	0.39
0.169	0.33
0.174	0.28
0.178	0.23
0.18	0.20
0.184	0.18



#R	U_k	I[mA]	I[A]
8	0.97	3.65	0.00365
12	0.89	3.49	0.00349
16	0.8	3.31	0.00331
20	0.73	3.2	0.0032
24	0.68	3.11	0.00311
28	0.63	3	0.003
32	0.58	2.91	0.00291
36	0.55	2.89	0.00289
40	0.52	2.85	0.00285
44	0.49	2.75	0.00275
48	0.46	2.7	0.0027
52	0.44	2.69	0.00269
56	0.41	2.6	0.0026
60	0.4	2.6	0.0026

