#435.8
#-20.0	0
#-10.0	0
#-5.0	0
#-2.0	0
#-1.0	0
-0.9	0.001
-0.8	0.0025
-0.7	0.007
-0.6	0.0094
-0.5	0.0198
-0.4	0.022
-0.3	0.028
-0.2	0.036
-0.1	0.045
0.0	0.056
0.1	0.065
0.2	0.076
0.3	0.085
0.4	0.09
0.5	0.11
0.6	0.125
0.7	0.135
0.8	0.145
0.9	0.155
1.0	0.17
1.1	0.175
1.2	0.18
1.3	0.185
1.4	0.205
1.5	0.215
2.0	0.26
3.0	0.37
4.0	0.44
5.0	0.54
6.0	0.6
7.0	0.64
8.0	0.66
9.0	0.74
10.0	0.78
12.0	0.82
14.0	0.89
16.0	0.94
18.0	1
#0.172 pm0.006
#0.222 pm0.005


#ausgleichsgerade 1) werte von oben
-0.9	0.001
-0.8	0.0025
-0.7	0.007
-0.6	0.0094
-0.5	0.0198
-0.4	0.022
-0.3	0.028
-0.2	0.036
-0.1	0.045
0.0	0.056
0.1	0.065
0.2	0.076
0.3	0.085
0.4	0.09
0.5	0.11
0.6	0.125
0.7	0.135
0.8	0.145
0.9	0.155


#index 2
#404.7
-1.5	0
-1.4	0.002
-1.3	0.008
-1.2	0.018
-1.1	0.03
-1.0	0.046
-0.9	0.066
-0.8	0.094
-0.7	0.125
-0.6	0.16
-0.5	0.2
-0.4	0.245
-0.3	0.265
-0.2	0.32
-0.1	0.37
0.0	0.4
0.1	0.44
0.2	0.52
0.3	0.56
0.4	0.61
0.5	0.66
0.6	0.72
0.7	0.77
0.8	0.81
0.9	0.86
1.0	0.89
1.2	1.05
1.4	1.2
1.6	1.35
1.8	1.45
2.0	1.5
#0.362 pm0.007
#0.600 pm0.007



-1.5	0
-1.4	0.002
-1.3	0.008
-1.2	0.018
-1.1	0.03
-1.0	0.046
-0.9	0.066
-0.8	0.094
-0.7	0.125
-0.6	0.16
-0.5	0.2
-0.4	0.245
-0.3	0.265
-0.2	0.32
-0.1	0.37
0.0	0.4
0.1	0.44
0.2	0.52
0.3	0.56
0.4	0.61
0.5	0.66
0.6	0.72
0.7	0.77



#index 4
#407.8
-1.1	0
-1.0	0.008
-0.9	0.017
-0.8	0.028
-0.7	0.046
-0.6	0.068
-0.5	0.091
-0.4	0.125
-0.3	0.16
-0.2	0.2
-0.1	0.24
0.0	0.275
0.1	0.3
0.2	0.36
0.3	0.41
0.4	0.45
0.5	0.5
0.6	0.54
0.7	0.59
0.8	0.63
0.9	0.69
1.0	0.72
1.2	0.8
1.4	0.95
1.6	1
1.8	1.15
2.0	1.2
#0.353 pm 0.01
#0.486 pm0.009


#ausgleichswerte von oben
-1.1	0
-1.0	0.008
-0.9	0.017
-0.8	0.028
-0.7	0.046
-0.6	0.068
-0.5	0.091
-0.4	0.125
-0.3	0.16
-0.2	0.2
-0.1	0.24
0.0	0.275
0.1	0.3
0.2	0.36
0.3	0.41
0.4	0.45
0.5	0.5
0.6	0.54
0.7	0.59


#index 6
#546.1
-0.6	0
-0.5	0
-0.4	0.003
-0.3	0.014
-0.2	0.052
-0.1	0.12
0.0	0.17
0.1	0.26
0.2	0.34
0.3	0.42
0.4	0.49
0.5	0.56
0.6	0.62
0.7	0.66
0.8	0.7
0.9	0.74
1.0	0.78
1.2	0.87
1.4	0.93
1.6	1.08
1.8	1.15
2.0	1.2
#0.451pm 0.03
#0.386pm 0.03



-0.4	0.003
-0.3	0.014
-0.2	0.052
-0.1	0.12
0.0	0.17
0.1	0.26
0.2	0.34
0.3	0.42
0.4	0.49
0.5	0.56
#0.6	0.62
#0.7	0.66



#index 8
404.7	0.627
407.8	0.507
579.0	0.227
546.1	0.390